1.00000000e-02 1.00000000e+00
4.60000000e-01 2.00000000e+00
9.20000000e-01 3.00000000e+00
1.38000000e+00 4.00000000e+00
1.83000000e+00 1.00000000e+00
2.30000000e+00 2.00000000e+00
2.79000000e+00 3.00000000e+00
3.25000000e+00 4.00000000e+00
3.69000000e+00 1.00000000e+00
4.15000000e+00 2.00000000e+00
4.62000000e+00 3.00000000e+00
5.08000000e+00 4.00000000e+00
5.54000000e+00 1.00000000e+00
6.00000000e+00 2.00000000e+00
6.45000000e+00 3.00000000e+00
6.92000000e+00 4.00000000e+00
7.38000000e+00 1.00000000e+00
7.85000000e+00 2.00000000e+00
8.31000000e+00 3.00000000e+00
8.77000000e+00 4.00000000e+00
9.21000000e+00 1.00000000e+00
9.69000000e+00 2.00000000e+00
1.01500000e+01 3.00000000e+00
1.06100000e+01 4.00000000e+00
1.10800000e+01 1.00000000e+00
1.15500000e+01 2.00000000e+00
1.20100000e+01 3.00000000e+00
1.24700000e+01 4.00000000e+00
1.29200000e+01 1.00000000e+00
1.33800000e+01 2.00000000e+00
1.38400000e+01 3.00000000e+00
1.43000000e+01 4.00000000e+00
